-1.200000e+02,0.000000e+00
-1.192000e+02,0.000000e+00
-1.184000e+02,0.000000e+00
-1.176000e+02,0.000000e+00
-1.168000e+02,0.000000e+00
-1.160000e+02,0.000000e+00
-1.152000e+02,0.000000e+00
-1.144000e+02,0.000000e+00
-1.136000e+02,0.000000e+00
-1.128000e+02,0.000000e+00
-1.120000e+02,0.000000e+00
-1.112000e+02,0.000000e+00
-1.104000e+02,0.000000e+00
-1.096000e+02,0.000000e+00
-1.088000e+02,0.000000e+00
-1.080000e+02,0.000000e+00
-1.072000e+02,0.000000e+00
-1.064000e+02,0.000000e+00
-1.056000e+02,0.000000e+00
-1.048000e+02,0.000000e+00
-1.040000e+02,0.000000e+00
-1.032000e+02,0.000000e+00
-1.024000e+02,0.000000e+00
-1.016000e+02,0.000000e+00
-1.008000e+02,0.000000e+00
-1.000000e+02,0.000000e+00
-9.920000e+01,0.000000e+00
-9.840000e+01,0.000000e+00
-9.760000e+01,0.000000e+00
-9.680000e+01,0.000000e+00
-9.600000e+01,0.000000e+00
-9.520000e+01,0.000000e+00
-9.440000e+01,0.000000e+00
-9.360000e+01,0.000000e+00
-9.280000e+01,0.000000e+00
-9.200000e+01,0.000000e+00
-9.120000e+01,0.000000e+00
-9.040000e+01,0.000000e+00
-8.960000e+01,0.000000e+00
-8.880000e+01,0.000000e+00
-8.800000e+01,0.000000e+00
-8.720000e+01,0.000000e+00
-8.640000e+01,0.000000e+00
-8.560000e+01,0.000000e+00
-8.480000e+01,0.000000e+00
-8.400000e+01,0.000000e+00
-8.320000e+01,0.000000e+00
-8.240000e+01,0.000000e+00
-8.160000e+01,0.000000e+00
-8.080000e+01,0.000000e+00
-8.000000e+01,0.000000e+00
-7.920000e+01,0.000000e+00
-7.840000e+01,0.000000e+00
-7.760000e+01,0.000000e+00
-7.680000e+01,0.000000e+00
-7.600000e+01,0.000000e+00
-7.520000e+01,0.000000e+00
-7.440000e+01,0.000000e+00
-7.360000e+01,0.000000e+00
-7.280000e+01,0.000000e+00
-7.200000e+01,0.000000e+00
-7.120000e+01,0.000000e+00
-7.040000e+01,0.000000e+00
-6.960000e+01,0.000000e+00
-6.880000e+01,0.000000e+00
-6.800000e+01,0.000000e+00
-6.720000e+01,0.000000e+00
-6.640000e+01,0.000000e+00
-6.560000e+01,0.000000e+00
-6.480000e+01,0.000000e+00
-6.400000e+01,0.000000e+00
-6.320000e+01,0.000000e+00
-6.240000e+01,0.000000e+00
-6.160000e+01,0.000000e+00
-6.080000e+01,0.000000e+00
-6.000000e+01,0.000000e+00
-5.920000e+01,0.000000e+00
-5.840000e+01,0.000000e+00
-5.760000e+01,0.000000e+00
-5.680000e+01,0.000000e+00
-5.600000e+01,0.000000e+00
-5.520000e+01,0.000000e+00
-5.440000e+01,0.000000e+00
-5.360000e+01,0.000000e+00
-5.280000e+01,0.000000e+00
-5.200000e+01,0.000000e+00
-5.120000e+01,0.000000e+00
-5.040000e+01,0.000000e+00
-4.960000e+01,0.000000e+00
-4.880000e+01,0.000000e+00
-4.800000e+01,0.000000e+00
-4.720000e+01,0.000000e+00
-4.640000e+01,0.000000e+00
-4.560000e+01,0.000000e+00
-4.480000e+01,0.000000e+00
-4.400000e+01,0.000000e+00
-4.320000e+01,0.000000e+00
-4.240000e+01,0.000000e+00
-4.160000e+01,0.000000e+00
-4.080000e+01,0.000000e+00
-4.000000e+01,0.000000e+00
-3.920000e+01,0.000000e+00
-3.840000e+01,0.000000e+00
-3.760000e+01,0.000000e+00
-3.680000e+01,0.000000e+00
-3.600000e+01,0.000000e+00
-3.520000e+01,0.000000e+00
-3.440000e+01,0.000000e+00
-3.360000e+01,0.000000e+00
-3.280000e+01,0.000000e+00
-3.200000e+01,0.000000e+00
-3.120000e+01,0.000000e+00
-3.040000e+01,0.000000e+00
-2.960000e+01,0.000000e+00
-2.880000e+01,0.000000e+00
-2.800000e+01,0.000000e+00
-2.720000e+01,0.000000e+00
-2.640000e+01,0.000000e+00
-2.560000e+01,0.000000e+00
-2.480000e+01,0.000000e+00
-2.400000e+01,0.000000e+00
-2.320000e+01,0.000000e+00
-2.240000e+01,0.000000e+00
-2.160000e+01,0.000000e+00
-2.080000e+01,0.000000e+00
-2.000000e+01,0.000000e+00
-1.920000e+01,0.000000e+00
-1.840000e+01,0.000000e+00
-1.760000e+01,0.000000e+00
-1.680000e+01,0.000000e+00
-1.600000e+01,0.000000e+00
-1.520000e+01,0.000000e+00
-1.440000e+01,0.000000e+00
-1.360000e+01,0.000000e+00
-1.280000e+01,0.000000e+00
-1.200000e+01,0.000000e+00
-1.120000e+01,0.000000e+00
-1.040000e+01,0.000000e+00
-9.600000e+00,0.000000e+00
-8.800000e+00,0.000000e+00
-8.000000e+00,0.000000e+00
-7.200000e+00,0.000000e+00
-6.400000e+00,0.000000e+00
-5.600000e+00,0.000000e+00
-4.800000e+00,0.000000e+00
-4.000000e+00,0.000000e+00
-3.200000e+00,0.000000e+00
-2.400000e+00,0.000000e+00
-1.600000e+00,0.000000e+00
-8.000000e-01,0.000000e+00
-1.355253e-14,0.000000e+00
8.000000e-01,0.000000e+00
1.600000e+00,0.000000e+00
2.400000e+00,0.000000e+00
3.200000e+00,0.000000e+00
4.000000e+00,0.000000e+00
4.800000e+00,0.000000e+00
5.600000e+00,0.000000e+00
6.400000e+00,0.000000e+00
7.200000e+00,0.000000e+00
8.000000e+00,0.000000e+00
8.800000e+00,0.000000e+00
9.600000e+00,0.000000e+00
1.040000e+01,0.000000e+00
1.120000e+01,0.000000e+00
1.200000e+01,0.000000e+00
1.280000e+01,0.000000e+00
1.360000e+01,0.000000e+00
1.440000e+01,0.000000e+00
1.520000e+01,0.000000e+00
1.600000e+01,0.000000e+00
1.680000e+01,0.000000e+00
1.760000e+01,0.000000e+00
1.840000e+01,0.000000e+00
1.920000e+01,0.000000e+00
2.000000e+01,0.000000e+00
2.080000e+01,0.000000e+00
2.160000e+01,0.000000e+00
2.240000e+01,0.000000e+00
2.320000e+01,0.000000e+00
2.400000e+01,0.000000e+00
2.480000e+01,0.000000e+00
2.560000e+01,0.000000e+00
2.640000e+01,0.000000e+00
2.720000e+01,0.000000e+00
2.800000e+01,0.000000e+00
2.880000e+01,0.000000e+00
2.960000e+01,0.000000e+00
3.040000e+01,0.000000e+00
3.120000e+01,0.000000e+00
3.200000e+01,0.000000e+00
3.280000e+01,0.000000e+00
3.360000e+01,0.000000e+00
3.440000e+01,0.000000e+00
3.520000e+01,0.000000e+00
3.600000e+01,0.000000e+00
3.680000e+01,0.000000e+00
3.760000e+01,0.000000e+00
3.840000e+01,0.000000e+00
3.920000e+01,0.000000e+00
4.000000e+01,0.000000e+00
4.080000e+01,0.000000e+00
4.160000e+01,0.000000e+00
4.240000e+01,0.000000e+00
4.320000e+01,0.000000e+00
4.400000e+01,0.000000e+00
4.480000e+01,0.000000e+00
4.560000e+01,0.000000e+00
4.640000e+01,0.000000e+00
4.720000e+01,0.000000e+00
4.800000e+01,0.000000e+00
4.880000e+01,0.000000e+00
4.960000e+01,0.000000e+00
5.040000e+01,0.000000e+00
5.120000e+01,0.000000e+00
5.200000e+01,0.000000e+00
5.280000e+01,0.000000e+00
5.360000e+01,0.000000e+00
5.440000e+01,0.000000e+00
5.520000e+01,0.000000e+00
5.600000e+01,0.000000e+00
5.680000e+01,0.000000e+00
5.760000e+01,0.000000e+00
5.840000e+01,0.000000e+00
5.920000e+01,0.000000e+00
6.000000e+01,0.000000e+00
6.080000e+01,0.000000e+00
6.160000e+01,0.000000e+00
6.240000e+01,0.000000e+00
6.320000e+01,0.000000e+00
6.400000e+01,0.000000e+00
6.480000e+01,0.000000e+00
6.560000e+01,0.000000e+00
6.640000e+01,0.000000e+00
6.720000e+01,0.000000e+00
6.800000e+01,0.000000e+00
6.880000e+01,0.000000e+00
6.960000e+01,0.000000e+00
7.040000e+01,0.000000e+00
7.120000e+01,0.000000e+00
7.200000e+01,0.000000e+00
7.280000e+01,0.000000e+00
7.360000e+01,0.000000e+00
7.440000e+01,0.000000e+00
7.520000e+01,0.000000e+00
7.600000e+01,0.000000e+00
7.680000e+01,0.000000e+00
7.760000e+01,0.000000e+00
7.840000e+01,0.000000e+00
7.920000e+01,0.000000e+00
8.000000e+01,0.000000e+00
8.080000e+01,0.000000e+00
8.160000e+01,0.000000e+00
8.240000e+01,0.000000e+00
8.320000e+01,0.000000e+00
8.400000e+01,0.000000e+00
8.480000e+01,0.000000e+00
8.560000e+01,0.000000e+00
8.640000e+01,0.000000e+00
8.720000e+01,0.000000e+00
8.800000e+01,0.000000e+00
8.880000e+01,0.000000e+00
8.960000e+01,0.000000e+00
9.040000e+01,0.000000e+00
9.120000e+01,0.000000e+00
9.200000e+01,0.000000e+00
9.280000e+01,0.000000e+00
9.360000e+01,0.000000e+00
9.440000e+01,0.000000e+00
9.520000e+01,0.000000e+00
9.600000e+01,0.000000e+00
9.680000e+01,0.000000e+00
9.760000e+01,0.000000e+00
9.840000e+01,0.000000e+00
9.920000e+01,0.000000e+00
1.000000e+02,0.000000e+00
1.008000e+02,0.000000e+00
1.016000e+02,0.000000e+00
1.024000e+02,0.000000e+00
1.032000e+02,0.000000e+00
1.040000e+02,0.000000e+00
1.048000e+02,0.000000e+00
1.056000e+02,0.000000e+00
1.064000e+02,0.000000e+00
1.072000e+02,0.000000e+00
1.080000e+02,0.000000e+00
1.088000e+02,0.000000e+00
1.096000e+02,0.000000e+00
1.104000e+02,0.000000e+00
1.112000e+02,0.000000e+00
1.120000e+02,0.000000e+00
1.128000e+02,0.000000e+00
1.136000e+02,0.000000e+00
1.144000e+02,0.000000e+00
1.152000e+02,0.000000e+00
1.160000e+02,0.000000e+00
1.168000e+02,0.000000e+00
1.176000e+02,0.000000e+00
1.184000e+02,0.000000e+00
1.192000e+02,0.000000e+00
1.200000e+02,0.000000e+00
1.208000e+02,0.000000e+00
1.216000e+02,0.000000e+00
1.224000e+02,0.000000e+00
1.232000e+02,0.000000e+00
1.240000e+02,0.000000e+00
1.248000e+02,0.000000e+00
1.256000e+02,0.000000e+00
1.264000e+02,0.000000e+00
1.272000e+02,0.000000e+00
1.280000e+02,0.000000e+00
1.288000e+02,0.000000e+00
1.296000e+02,0.000000e+00
1.304000e+02,0.000000e+00
1.312000e+02,0.000000e+00
1.320000e+02,0.000000e+00
1.328000e+02,0.000000e+00
1.336000e+02,0.000000e+00
1.344000e+02,0.000000e+00
1.352000e+02,0.000000e+00
1.360000e+02,0.000000e+00
1.368000e+02,0.000000e+00
1.376000e+02,0.000000e+00
1.384000e+02,0.000000e+00
1.392000e+02,0.000000e+00
1.400000e+02,0.000000e+00
1.408000e+02,0.000000e+00
1.416000e+02,0.000000e+00
1.424000e+02,0.000000e+00
1.432000e+02,0.000000e+00
1.440000e+02,0.000000e+00
1.448000e+02,0.000000e+00
1.456000e+02,0.000000e+00
1.464000e+02,0.000000e+00
1.472000e+02,0.000000e+00
1.480000e+02,0.000000e+00
1.488000e+02,0.000000e+00
1.496000e+02,0.000000e+00
1.504000e+02,0.000000e+00
1.512000e+02,0.000000e+00
1.520000e+02,0.000000e+00
1.528000e+02,0.000000e+00
1.536000e+02,0.000000e+00
1.544000e+02,0.000000e+00
1.552000e+02,0.000000e+00
1.560000e+02,0.000000e+00
1.568000e+02,0.000000e+00
1.576000e+02,0.000000e+00
1.584000e+02,0.000000e+00
1.592000e+02,0.000000e+00
1.600000e+02,0.000000e+00
1.608000e+02,0.000000e+00
1.616000e+02,0.000000e+00
1.624000e+02,0.000000e+00
1.632000e+02,0.000000e+00
1.640000e+02,0.000000e+00
1.648000e+02,0.000000e+00
1.656000e+02,0.000000e+00
1.664000e+02,0.000000e+00
1.672000e+02,0.000000e+00
1.680000e+02,0.000000e+00
1.688000e+02,0.000000e+00
1.696000e+02,0.000000e+00
1.704000e+02,0.000000e+00
1.712000e+02,0.000000e+00
1.720000e+02,0.000000e+00
1.728000e+02,0.000000e+00
1.736000e+02,0.000000e+00
1.744000e+02,0.000000e+00
1.752000e+02,0.000000e+00
1.760000e+02,0.000000e+00
1.768000e+02,0.000000e+00
1.776000e+02,0.000000e+00
1.784000e+02,0.000000e+00
1.792000e+02,0.000000e+00
1.800000e+02,0.000000e+00
1.808000e+02,0.000000e+00
1.816000e+02,0.000000e+00
1.824000e+02,0.000000e+00
1.832000e+02,0.000000e+00
1.840000e+02,0.000000e+00
1.848000e+02,0.000000e+00
1.856000e+02,0.000000e+00
1.864000e+02,0.000000e+00
1.872000e+02,0.000000e+00
1.880000e+02,0.000000e+00
1.888000e+02,0.000000e+00
1.896000e+02,0.000000e+00
1.904000e+02,0.000000e+00
1.912000e+02,0.000000e+00
1.920000e+02,0.000000e+00
1.928000e+02,0.000000e+00
1.936000e+02,0.000000e+00
1.944000e+02,0.000000e+00
1.952000e+02,0.000000e+00
1.960000e+02,0.000000e+00
1.968000e+02,0.000000e+00
1.976000e+02,0.000000e+00
1.984000e+02,0.000000e+00
1.992000e+02,0.000000e+00
2.000000e+02,0.000000e+00
2.008000e+02,0.000000e+00
2.016000e+02,0.000000e+00
2.024000e+02,0.000000e+00
2.032000e+02,0.000000e+00
2.040000e+02,0.000000e+00
2.048000e+02,0.000000e+00
2.056000e+02,0.000000e+00
2.064000e+02,0.000000e+00
2.072000e+02,0.000000e+00
2.080000e+02,0.000000e+00
2.088000e+02,0.000000e+00
2.096000e+02,0.000000e+00
2.104000e+02,0.000000e+00
2.112000e+02,0.000000e+00
2.120000e+02,0.000000e+00
2.128000e+02,0.000000e+00
2.136000e+02,0.000000e+00
2.144000e+02,0.000000e+00
2.152000e+02,0.000000e+00
2.160000e+02,0.000000e+00
2.168000e+02,0.000000e+00
2.176000e+02,0.000000e+00
2.184000e+02,0.000000e+00
2.192000e+02,0.000000e+00
2.200000e+02,0.000000e+00
2.208000e+02,0.000000e+00
2.216000e+02,0.000000e+00
2.224000e+02,0.000000e+00
2.232000e+02,0.000000e+00
2.240000e+02,0.000000e+00
2.248000e+02,0.000000e+00
2.256000e+02,0.000000e+00
2.264000e+02,0.000000e+00
2.272000e+02,0.000000e+00
2.280000e+02,0.000000e+00
2.288000e+02,0.000000e+00
2.296000e+02,0.000000e+00
2.304000e+02,0.000000e+00
2.312000e+02,0.000000e+00
2.320000e+02,0.000000e+00
2.328000e+02,0.000000e+00
2.336000e+02,0.000000e+00
2.344000e+02,0.000000e+00
2.352000e+02,0.000000e+00
2.360000e+02,0.000000e+00
2.368000e+02,0.000000e+00
2.376000e+02,0.000000e+00
2.384000e+02,0.000000e+00
2.392000e+02,0.000000e+00
2.400000e+02,0.000000e+00
2.408000e+02,0.000000e+00
2.416000e+02,0.000000e+00
2.424000e+02,0.000000e+00
2.432000e+02,0.000000e+00
2.440000e+02,0.000000e+00
2.448000e+02,0.000000e+00
2.456000e+02,0.000000e+00
2.464000e+02,0.000000e+00
2.472000e+02,0.000000e+00
2.480000e+02,0.000000e+00
2.488000e+02,0.000000e+00
2.496000e+02,0.000000e+00
2.504000e+02,0.000000e+00
2.512000e+02,0.000000e+00
2.520000e+02,0.000000e+00
2.528000e+02,0.000000e+00
2.536000e+02,0.000000e+00
2.544000e+02,0.000000e+00
2.552000e+02,0.000000e+00
2.560000e+02,0.000000e+00
2.568000e+02,0.000000e+00
2.576000e+02,0.000000e+00
2.584000e+02,0.000000e+00
2.592000e+02,0.000000e+00
2.600000e+02,0.000000e+00
2.608000e+02,0.000000e+00
2.616000e+02,0.000000e+00
2.624000e+02,0.000000e+00
2.632000e+02,0.000000e+00
2.640000e+02,0.000000e+00
2.648000e+02,0.000000e+00
2.656000e+02,0.000000e+00
2.664000e+02,0.000000e+00
2.672000e+02,0.000000e+00
2.680000e+02,0.000000e+00
2.688000e+02,0.000000e+00
2.696000e+02,0.000000e+00
2.704000e+02,0.000000e+00
2.712000e+02,0.000000e+00
2.720000e+02,0.000000e+00
2.728000e+02,0.000000e+00
2.736000e+02,0.000000e+00
2.744000e+02,0.000000e+00
2.752000e+02,0.000000e+00
2.760000e+02,0.000000e+00
2.768000e+02,0.000000e+00
2.776000e+02,0.000000e+00
2.784000e+02,0.000000e+00
2.792000e+02,0.000000e+00
