../waveforms/control9d_python.wf.0 47.01249999999999 0.47792799465775565 1.7702773322037788 1.7494320570687696 3.7717009761359 0.6723811620226507 0.6263342177788558 489137.8465621789 0.0005612571310774271
../waveforms/control9d_python.wf.1 45.98750000000001 0.46528965191193594 1.7709829199414764 1.7860998390614435 3.596960722525179 0.6586982764301652 0.6304880816434706 9156.961684071855 0.0005649382785035651
../waveforms/control9d_python.wf.10 40.22500000000001 0.4065059279229865 1.7563717554471334 1.8665121475975297 3.3065852827351754 0.5743946439153332 0.5900708503838547 11824.359002965346 0.0009594160957794257
../waveforms/control9d_python.wf.11 40.08125 0.404211394993588 1.7700808828696284 1.570678669456704 3.578284677513222 0.5940770909833751 0.6377905894497448 5203.415222132497 0.0005635665034182402
../waveforms/control9d_python.wf.12 39.778125 0.3999624252162757 1.760244452992345 1.7775206402874584 3.3172394957837175 0.5714642748438515 0.6089445326995517 6054.826950514583 0.0005677364953859133
../waveforms/control9d_python.wf.13 40.478125000000006 0.4077194615161675 1.7529210870398217 1.7397917740393127 3.2737723185110568 0.5756295067162325 0.6167225989834055 8839.508672478622 0.0005381289502688778
../waveforms/control9d_python.wf.14 40.35625 0.40896604576739504 1.761398441729744 1.7816682610066645 3.3904107815546345 0.5864174039626163 0.621565235078898 7597.408025747991 0.0005635436068315051
../waveforms/control9d_python.wf.15 40.578125 0.40916018781258645 1.763917935220093 1.7460213244188458 3.263598597537649 0.569409600579239 0.6148196312749785 5191.973618252482 0.0008574243472087816
../waveforms/control9d_python.wf.16 40.765625 0.4111995433580734 1.76092195096577 1.7456505320743443 3.282096415533267 0.5807768967579577 0.6073311985812869 5255.502787778403 0.0005537589530027889
../waveforms/control9d_python.wf.17 40.29687500000001 0.4079406023756119 1.767153997097741 1.692702311928271 3.411595893011009 0.592931369189883 0.6113651184199425 5947.963000491989 0.0005565806353289389
../waveforms/control9d_python.wf.18 40.5125 0.4071473123756203 1.7618758629769946 1.5917580503489357 3.470758970008656 0.5896170526330371 0.6156942081535315 10001.38079399538 0.0005882126951218281
../waveforms/control9d_python.wf.19 40.540625000000006 0.408455352765742 1.7643266341007684 1.748320189849824 3.2054115217101997 0.566960050125258 0.5966748128846293 4849.895105423502 0.0005766499670939986
../waveforms/control9d_python.wf.2 41.6125 0.4197222319787221 1.7703717810244708 1.769480180528677 3.6887453428841463 0.6624033253057138 0.6326670449953332 5534.906352198073 0.0005696049230526532
../waveforms/control9d_python.wf.3 42.23125000000001 0.42512318669947147 1.7644110241143425 1.7061493465587894 3.530585509152658 0.6424379303682097 0.6158275701212735 4876.098464058572 0.0005597397920044978
../waveforms/control9d_python.wf.4 41.15625 0.4146031230844185 1.7617690969654138 1.6764063183666023 3.5658575036302365 0.627062513064886 0.6192644927486525 5122.007763122106 0.0005587217265464228
../waveforms/control9d_python.wf.5 40.559375 0.40913163895973503 1.7653466090586214 1.8141106962084388 3.4859537571197037 0.608845840951156 0.6056476735940376 9201.614956723846 0.0005661301477418065
../waveforms/control9d_python.wf.6 41.290625000000006 0.41539453448430586 1.7609682583452917 1.7343817208755696 3.417053932633266 0.6073248883880391 0.616818200038524 4973.603074701602 0.0005889471307485659
../waveforms/control9d_python.wf.7 40.78750000000001 0.4150987651957537 1.760209364230733 1.7681651778864207 3.3807657227775616 0.6039695406099805 0.6212428162368872 3833.996826696186 0.0005698433899804524
../waveforms/control9d_python.wf.8 40.55000000000001 0.4111818644319037 1.7558750142967219 1.7248413370710343 3.4443858699118137 0.6196399383086929 0.6406855140967713 4976.4694505359785 0.0005658040346444996
../waveforms/control9d_python.wf.9 39.618750000000006 0.40165180472621914 1.7487366310088557 1.8418678459468176 3.338476784853833 0.5941451329294031 0.6174163481076436 5788.798361794939 0.0005517377055845291
../waveforms/control9rhp_python.wf.0 98.5 1.0045451103003606 1.9248376330786592 1.5449756339072964 4.0528447504220715 0.797930369821837 0.5500553871984608 7121.42024327089 0.0027252898002854188
../waveforms/control9rhp_python.wf.1 96.5 0.9880403113747519 1.9171190315089162 1.6992650116634942 4.15181854174757 0.828341972606205 0.5610000499223812 5853.680131894 0.002611278429555095
../waveforms/control9rhp_python.wf.2 97.28125 0.9855962797350201 1.9183450790197667 1.7293220960832474 4.029223356150213 0.8192876048659778 0.5532985951859855 5335.690831258422 0.002642711688102542
../waveforms/control9rhp_python.wf.3 95.375 0.9749921842509714 1.910520622862933 1.624118660050568 4.213910143918963 0.8362619002793591 0.5718398045195753 7371.943888986137 0.002668963093743375
../waveforms/control9rhp_python.wf.4 94.83593750000003 0.96411200420294 1.9097423440597037 1.644080246502797 4.0716534641321855 0.8197884382712528 0.558450415660126 5845.499360825208 0.0027452176978981415
../waveforms/control9rhp_python.wf.5 94.703125 0.9626499291467551 1.9086191415568452 1.7358582767324608 4.0488729107985595 0.8069728742584524 0.5458461364002086 12691.195574251551 0.0026323597563952875
../waveforms/control9rhp_python.wf.6 93.6171875 0.955595298279408 1.9131827636829752 1.6093377338328718 3.9607539128566693 0.8006762040900613 0.5575599887639463 4680.088243255651 0.002567669835563089
../waveforms/control9rhp_python.wf.7 94.34375 0.9622559540510461 1.9073746881767901 1.6342358759120577 3.9732808702212803 0.798881746205414 0.5525218503176453 4685.686901010752 0.0026097782475625986
../waveforms/control9rhp_python.wf.8 92.5078125 0.9392090698670671 1.9063384942802286 1.1825228562393602 4.178524383739751 0.7992716930058955 0.5854192443971936 9779.509729956462 0.004952579271029886
../waveforms/control9rhp_python.wf.9 92.515625 0.9430785636136224 1.913738601337837 1.4023782451995706 4.120678326383094 0.8093516839110583 0.5737480088618699 5313.251039178219 0.0026813840697592684
../waveforms/control9r_python.wf.0 49.203125 0.5003407949226018 1.8016335423527614 1.8006781796104154 3.716658379331597 0.7185903126899227 0.6000529159371936 1516.2350745886258 0.0006238680141218199
../waveforms/control9r_python.wf.1 48.85937500000001 0.4919237935849952 1.7906471364138736 1.8222201529497273 3.8706555910609244 0.7266677708913405 0.6146205534549775 1833.4683466547192 0.0005792202907696115
../waveforms/control9r_python.wf.10 50.790625000000006 0.5134423911293113 1.7971552325565903 1.764688942716229 3.757640667548594 0.7201572607018109 0.6107645433272704 1941.258600463722 0.0005928879208126079
../waveforms/control9r_python.wf.11 48.403125 0.48915483395406817 1.7813636280539027 1.848565527877818 3.8050459429829644 0.7207249311935069 0.6101531070552313 2156.744902522607 0.0005744531389124303
../waveforms/control9r_python.wf.12 48.32500000000001 0.49013771797557903 1.7937868506020496 1.831345821388786 3.8824421985129205 0.7324363688562352 0.6129353711107614 2134.9000441016065 0.0005551634621656554
../waveforms/control9r_python.wf.13 47.053125 0.47682745795158543 1.7906811646873189 1.840162296201836 3.9917345441611394 0.7410136571877792 0.6230621993740991 2625.398958577827 0.000566467293153008
../waveforms/control9r_python.wf.14 46.278125 0.4663429285263473 1.780334953461146 1.7440079316370847 3.6922226495192576 0.7029862320660194 0.6109445160634045 2101.549043479114 0.0005518203940944219
../waveforms/control9r_python.wf.15 48.056250000000006 0.48885740981626374 1.797424936695108 1.8270755662455676 3.7976730996702606 0.7334320057883575 0.6208365250014449 1604.6253113891514 0.0005879913470001966
../waveforms/control9r_python.wf.16 47.95312500000001 0.48363674305188764 1.7900567957472784 1.8510588306581892 3.802587886112634 0.7212515492237657 0.6074516088403673 2174.8053519130453 0.0005528921216397425
../waveforms/control9r_python.wf.17 47.521874999999994 0.48113160021995427 1.7895419544525313 1.8280353258145863 3.7629950370515255 0.7174439584756265 0.6018360527032075 2052.8782774098386 0.0005648692335397258
../waveforms/control9r_python.wf.18 48.287499999999994 0.49137444620770643 1.7949743990961053 1.7379964254517228 3.8453661899778893 0.728832848717768 0.6188391354674904 1730.9714398191354 0.0005851929206757483
../waveforms/control9r_python.wf.19 47.896875 0.4851989970265167 1.7846992301346554 1.8476556216524531 3.9753301709928293 0.730980019379783 0.6188280880457596 2963.0963760769764 0.0005733260890432412
../waveforms/control9r_python.wf.2 48.140625 0.48441872026729677 1.7912351675555802 1.8528111912189822 3.821152914514225 0.7368342278243203 0.6168791219236851 1866.9017618771672 0.0005580131265861978
../waveforms/control9r_python.wf.3 48.24687500000001 0.48894654101226637 1.7902468148796626 1.81132418505814 3.8724958367972113 0.7305803582397439 0.6039875427172826 2363.652066985021 0.0005383768941532069
../waveforms/control9r_python.wf.4 47.209375000000016 0.47635352070828163 1.7944136149683314 1.7523734655717211 3.802561724577101 0.7300159188988095 0.6166572295291596 1656.1165328316747 0.0005669265338544715
../waveforms/control9r_python.wf.40 49.8375 0.5061194078234358 1.7992142951428722 1.7379858873625138 3.6787503685028238 0.7246536723554827 0.6116899505820367 2278.643973535825 0.0005827995352079062
../waveforms/control9r_python.wf.41 50.184374999999996 0.5091676958503843 1.7902482327577092 1.7915642266806084 3.8887942340615993 0.7330917577429404 0.6268966804453021 3810.7863201373675 0.0005734607313474438
../waveforms/control9r_python.wf.42 50.19375000000001 0.5087601208081853 1.7990934658832995 1.7842186987835316 3.720578616664027 0.7305748636406627 0.6205242711528515 2001.7168546782998 0.0005501238282983799
../waveforms/control9r_python.wf.43 48.518750000000004 0.4909726560197861 1.786679456813848 1.826407911937054 3.9073478166903093 0.7368751858221366 0.618244611000957 5412.316966688 0.0006021467918917347
../waveforms/control9r_python.wf.44 47.29375 0.47926782431582204 1.7842704979310877 1.774888240162583 3.8018619819523978 0.7285238178074928 0.6200245126708323 3886.220451075595 0.0005595590191318845
../waveforms/control9r_python.wf.45 47.9625 0.48628544297378645 1.7853290865560258 1.8509443360753937 3.839540828372724 0.7310987196510058 0.6268738449847088 3168.4258057360535 0.0005659856511699403
../waveforms/control9r_python.wf.46 47.40625 0.4798454510921581 1.778299923586085 1.8435029183328722 3.7887843550402094 0.7231069990317938 0.6255711537575791 3120.001448360617 0.0005789162200814347
../waveforms/control9r_python.wf.47 47.018750000000004 0.47707096698698803 1.7805299370697232 1.807026019967513 3.873409121326145 0.7255002348963554 0.6193119532598905 6274.787393645903 0.0005411887341524033
../waveforms/control9r_python.wf.48 47.85312499999999 0.48648107056525475 1.795494693789792 1.789982679023983 3.7794470028542895 0.7247976941640816 0.6191851900552061 3021.2263673323478 0.0007602664318846009
../waveforms/control9r_python.wf.49 47.662499999999994 0.4835290385621011 1.7826778262735696 1.8328485088148474 3.70326563598381 0.7169819722712272 0.6162394677455295 3845.6956036905954 0.0005681172126251843
../waveforms/control9r_python.wf.5 47.94687500000001 0.4811431973740304 1.7973702081109608 1.8497804692841113 3.841687739323087 0.72890674214104 0.6232925158475228 1520.4483629226506 0.00056526584011938
../waveforms/control9r_python.wf.6 47.71875 0.4836800076368466 1.7888267603272456 1.8292598512336369 3.8879220043412785 0.7358435938063268 0.620553113878243 1910.6852654441318 0.0005655267007299336
../waveforms/control9r_python.wf.7 40.5125 0.4109034215761975 1.7642944289525386 1.838578435693815 3.759075794161437 0.7084807367474927 0.6226424910280609 1897.0029674649352 0.0005375236380397053
../waveforms/control9r_python.wf.8 40.79375 0.4142202825086417 1.7771561625227452 1.8430869661947347 3.6987724134724593 0.7059574784531975 0.6223427324690408 1668.4305784257463 0.000551761526648603
../waveforms/control9r_python.wf.9 47.8875 0.4839825212197869 1.8002520929750447 1.857311625715194 3.704028400336292 0.7232760979815237 0.6073616962900653 1439.664027613315 0.0005760843193547315
